%% Parametization

sK=0.2;
sH=0.2;
n=0.01;
g=0.015;
dk=0.1;
dh=0.06;
z=1;
aK=0.33;
aH=0.33;
k0=3;
h0=3;
